TIME   TEMP   VCCINT  VP   VN   VAUXP[1] VAUXN[1] VAUXP[6] VAUXN[6] VAUXP[9] VAUXN[9] VAUXP[15] VAUXN[15]
000    125.6  1.0     0.0  0.0  0.3      0.0      0.9      0.0      0.7      0.0      0.6       0.0
9000   25.6   0.8     0.0  0.0  0.8      0.0      0.2      0.0      1.0      0.0      0.5       0.0 
17000  25.6   0.8     0.0  0.0  0.7      0.0      1.0      0.0      0.8      0.0      0.4       0.0 
25000  25.6   0.8     0.0  0.0  0.8      0.0      0.9      0.0      1.0      0.0      0.5       0.0 
33000  25.6   0.8     0.0  0.0  0.7      0.0      0.9      0.0      0.9      0.0      0.6       0.0 
//
// expected result
// P[1],  addr 11, 4ccc, cccc
// P[9],  addr 19, b333, ffff
// P[15], addr 1f, 9999, 8000
// P[6],  addr 16, 3333, e666
